Posicion: 0
0 1 1118.03
0 2 3621.12
0 3 3891.34
0 4 5205.85
0 5 4884.33
0 6 4650
0 7 4975.19
0 8 6247.6
0 9 6408
0 10 8009.31
0 11 7803.15
0 12 8500
0 13 8664.44
0 14 9414.48
0 15 9521.69
0 16 9030.64
0 17 9408.11
0 18 6180.01
0 19 5561.02
0 20 3832.75
0 21 3050
0 22 1931.32
0 23 4750
0 24 4366.06
0 25 6791.54
0 26 7403.04
0 27 8290.92
0 28 7409.63
0 29 6647.18
0 30 6524.19
0 31 8487.93
0 32 8984.71
0 33 10286.2
0 34 9587.79
0 35 9737.17
0 36 9637.69
0 37 11029.3
0 38 11416
0 39 11536.5
0 40 12092.4
0 41 9793.11
0 42 9080.89
0 43 8508.97
0 44 7800
0 45 6587.3
0 46 9500
0 47 9055.38
0 48 11147.3
0 49 11814.9
0 50 12470.1
0 51 11448.7
0 52 10577
0 53 10271.4
0 54 12254.9
0 55 12865.2
0 56 13877.6
0 57 12964.8
0 58 12747.5
0 59 12482.9
0 60 14134.4
0 61 14666.7
0 62 15157.6
0 63 15781.7
0 64 14097.6
0 65 13383.8
0 66 13237.8
0 67 12550
0 68 11321.7
0 69 16269.3
0 70 17936.8
0 71 18830.8
0 72 18985.5
0 73 10467.6
0 74 3605.55
0 75 3716.18
Posicion: 1
1 2 2926.18
1 3 3360.43
1 4 4555.53
1 5 4049.15
1 6 3684.09
1 7 3950
1 8 5392.82
1 9 5640.26
1 10 7204.38
1 11 6894
1 12 7516.65
1 13 7650
1 14 8501.91
1 15 8660.98
1 16 8297.74
1 17 8727.11
1 18 5765.63
1 19 5091.66
1 20 4200
1 21 3688.16
1 22 2860.07
1 23 5344.39
1 24 4750
1 25 6806.25
1 26 7463.58
1 27 8193.98
1 28 7224.38
1 29 6394.14
1 30 6177.78
1 31 8175.88
1 32 8730.69
1 33 9915.17
1 34 9127.63
1 35 9154.92
1 36 9004.72
1 37 10490.2
1 38 10928.2
1 39 11186.6
1 40 11773.9
1 41 9782.89
1 42 9067.11
1 43 8950
1 44 8360.02
1 45 7252.07
1 46 10049.9
1 47 9500
1 48 11367.2
1 49 12051.7
1 50 12595.8
1 51 11537.4
1 52 10645.3
1 53 10288.5
1 54 12236.5
1 55 12874.9
1 56 13778.4
1 57 12815
1 58 12500
1 59 12197.2
1 60 13890
1 61 14455.5
1 62 15051.7
1 63 15691.2
1 64 14258.1
1 65 13550.8
1 66 13700
1 67 13088.3
1 68 11921.8
1 69 16886.1
1 70 17993.9
1 71 18784.3
1 72 18923.5
1 73 9360.56
1 74 3640.05
1 75 3828.84
Posicion: 2
2 3 700
2 4 1629.44
2 5 1367.75
2 6 1627.88
2 7 2193.17
2 8 2700
2 9 2789.27
2 10 4398.17
2 11 4307.03
2 12 5168.41
2 13 5440.59
2 14 5900
2 15 5941.38
2 16 5413.41
2 17 5813.78
2 18 3001.67
2 19 2289.65
2 20 3572.46
2 21 3962.95
2 22 4208.62
2 23 5022.45
2 24 3990.61
2 25 4750
2 26 5450
2 27 5817.52
2 28 4739.91
2 29 3842.2
2 30 3488.91
2 31 5463.74
2 32 6082.15
2 33 7109.95
2 34 6255.95
2 35 6230.97
2 36 6079.68
2 37 7574.46
2 38 8031.97
2 39 8390.02
2 40 9003.47
2 41 7501.5
2 42 6806.61
2 43 7747.58
2 44 7536.08
2 45 6850.18
2 46 9080.89
2 47 8271.18
2 48 9500
2 49 10200
2 50 10495.6
2 51 9390.83
2 52 8485.28
2 53 8041.14
2 54 9876.23
2 55 10551.3
2 56 11264.3
2 57 10239.6
2 58 9801.15
2 59 9457.8
2 60 11183
2 61 11783.5
2 62 12514.2
2 63 13170
2 64 12192.6
2 65 11512.7
2 66 12345.5
2 67 11958.5
2 68 11011.9
2 69 15890.6
2 70 15686.7
2 71 16304.4
2 72 16419.9
2 73 7864.64
2 74 6470.9
2 75 6689.73
Posicion: 3
3 4 1368.89
3 5 1628.05
3 6 2163.33
3 7 2745.91
3 8 2789.27
3 9 2700
3 10 4308.12
3 11 4396.78
3 12 5361.2
3 13 5685.95
3 14 5941.38
3 15 5900
3 16 5202.4
3 17 5536.24
3 18 2420.74
3 19 1732.77
3 20 3100.4
3 21 3669.47
3 22 4150
3 23 4539.27
3 24 3464.82
3 25 4050
3 26 4750
3 27 5139.3
3 28 4073.89
3 29 3184.73
3 30 2872.72
3 31 4867.49
3 32 5463.74
3 33 6566.38
3 34 5767.86
3 35 5848.5
3 36 5748.26
3 37 7156.29
3 38 7574.46
3 39 7842.35
3 40 8441.71
3 41 6817.07
3 42 6118.82
3 43 7086.96
3 44 6921.16
3 45 6307.54
3 46 8437.56
3 47 7605.43
3 48 8800
3 49 9500
3 50 9801.83
3 51 8698.71
3 52 7792.95
3 53 7354.59
3 54 9204.89
3 55 9876.23
3 56 10620.7
3 57 9608.83
3 58 9208.28
3 59 8881.44
3 60 10594.8
3 61 11183
3 62 11877.1
3 63 12530
3 64 11498.3
3 65 10816.8
3 66 11660.3
3 67 11290
3 68 10366.9
3 69 15227
3 70 15014.1
3 71 15658.3
3 72 15778.5
3 73 8285.08
3 74 6975.85
3 75 7179.31
Posicion: 4
4 5 1115
4 6 2013.82
4 7 2512.3
4 8 1624.46
4 9 1362.96
4 10 2950
4 11 3153.1
4 12 4207.12
4 13 4592.33
4 14 4636.77
4 15 4551.75
4 16 3841.04
4 17 4202.65
4 18 1698.37
4 19 1053.17
4 20 4162.41
4 21 4914.73
4 22 5506.93
4 23 5530.58
4 24 4414.68
4 25 4073.28
4 26 4739.24
4 27 4750
4 28 3635
4 29 2746.27
4 30 2246.81
4 31 4071.29
4 32 4737.53
4 33 5593.21
4 34 4680.02
4 35 4602.87
4 36 4452.64
4 37 5952.83
4 38 6426.89
4 39 6871.32
4 40 7503.25
4 41 6443.68
4 42 5794.02
4 43 7480.79
4 44 7524.37
4 45 7135.32
4 46 8899.38
4 47 7959.33
4 48 8697.88
4 49 9389.99
4 50 9500
4 51 8385
4 52 7493.56
4 53 6993.54
4 54 8696.95
4 55 9389.12
4 56 9949.4
4 57 8887.52
4 58 8354.51
4 59 7980.44
4 60 9720.99
4 61 10344.9
4 62 11171.5
4 63 11834.7
4 64 11193
4 65 10543.1
4 66 11820.5
4 67 11584.6
4 68 10799.3
4 69 15528.7
4 70 14484.7
4 71 14980.8
4 72 15079.5
4 73 7431.41
4 74 8079.76
4 75 8305.08
Posicion: 5
5 6 905.844
5 7 1400.84
5 8 1363.8
5 9 1624.73
5 10 3155.33
5 11 2950
5 12 3804.29
5 13 4092.38
5 14 4552.71
5 15 4637.56
5 16 4281.1
5 17 4763.02
5 18 2810.9
5 19 2162.35
5 20 4725.93
5 21 5264.2
5 22 5576.26
5 23 6159.19
5 24 5071.95
5 25 5138.07
5 26 5816.32
5 27 5865
5 28 4750
5 29 3859.99
5 30 3360.26
5 31 5137.02
5 32 5815.39
5 33 6567.35
5 34 5590.66
5 35 5343.37
5 36 5106.52
5 37 6727.27
5 38 7258.51
5 39 7834.66
5 40 8480.29
5 41 7558.45
5 42 6908.67
5 43 8459.52
5 44 8412.24
5 45 7891.37
5 46 9855.94
5 47 8954.25
5 48 9800.7
5 49 10494.5
5 50 10615
5 51 9500
5 52 8608.34
5 53 8108.35
5 54 9800.15
5 55 10493.9
5 56 11019.5
5 57 9946.53
5 58 9367.8
5 59 8973.88
5 60 10719.6
5 61 11357.4
5 62 12229.5
5 63 12894.5
5 64 12307.9
5 65 11658
5 66 12880.9
5 67 12607.3
5 68 11771.9
5 69 16553.5
5 70 15578.9
5 71 16041.4
5 72 16133.6
5 73 6664.79
5 74 7379.29
5 75 7625.29
Posicion: 6
6 7 583.095
6 8 1860.11
6 9 2343.07
6 10 3697.12
6 11 3227.7
6 12 3850
6 13 4031.13
6 14 4827.01
6 15 5032.89
6 16 4911.72
6 17 5448.85
6 18 3712.14
6 19 3050
6 20 5197.35
6 21 5561.02
6 22 5644.69
6 23 6647.18
6 24 5602.23
6 25 5971.81
6 26 6659.02
6 27 6759.73
6 28 5645.05
6 29 4750
6 30 4260.58
6 31 6039.25
6 32 6719.56
6 33 7438.16
6 34 6438.52
6 35 6114.33
6 36 5836.31
6 37 7504.17
6 38 8061.79
6 39 8698.42
6 40 9348.93
6 41 8455.32
6 42 7800
6 43 9204.62
6 44 9080.89
6 45 8457.25
6 46 10577
6 47 9711.98
6 48 10667.7
6 49 11363.5
6 50 11509
6 51 10394.1
6 52 9500
6 53 9005
6 54 10705.6
6 55 11399.1
6 56 11920.9
6 57 10845.1
6 58 10250.5
6 59 9848.86
6 60 11595.3
6 61 12238.5
6 62 13127.3
6 63 13792.8
6 64 13203.4
6 65 12550
6 66 13695.3
6 67 13383.8
6 68 12502.5
6 69 17328.1
6 70 16484.6
6 71 16939.4
6 72 17029.5
6 73 6254.8
6 74 6766.28
6 75 7027.27
Posicion: 7
7 8 2000
7 9 2594.22
7 10 3762.57
7 11 3128.72
7 12 3585.04
7 13 3700
7 14 4681.88
7 15 4964.88
7 16 5020.46
7 17 5597.32
7 18 4200
7 19 3562.65
7 20 5765.63
7 21 6091.39
7 22 6100.21
7 23 7215.61
7 24 6177.78
7 25 6524.76
7 26 7207.81
7 27 7259.49
7 28 6144.78
7 29 5258.56
7 30 4750
7 31 6462.39
7 32 7151.4
7 33 7782.31
7 34 6750.95
7 35 6337.59
7 36 6021
7 37 7725.44
7 38 8310.38
7 39 9027.32
7 40 9684.65
7 41 8950
7 42 8305.42
7 43 9782.89
7 44 9663.98
7 45 9034.66
7 46 11158.1
7 47 10288.5
7 48 11200.9
7 49 11895
7 50 12008.9
7 51 10894
7 52 10004.5
7 53 9500
7 54 11164.7
7 55 11860.9
7 56 12332.8
7 57 11246.6
7 58 10611.4
7 59 10195.1
7 60 11940.3
7 61 12593.6
7 62 13524.2
7 63 14190.8
7 64 13700
7 65 13053.4
7 66 14258.1
7 67 13957.3
7 68 13082.9
7 69 17902.3
7 70 16924.9
7 71 17335.3
7 72 17418.2
7 73 5736.94
7 74 6799.45
7 75 7071.95
Posicion: 8
8 9 700
8 10 1843.29
8 11 1615.45
8 12 2594.71
8 13 2968.16
8 14 3200
8 15 3275.67
8 16 3053.69
8 17 3606.94
8 18 2863.56
8 19 2460.18
8 20 5769.1
8 21 6451.74
8 22 6885.67
8 23 7151.57
8 24 6036.97
8 25 5463.74
8 26 6082.15
8 27 5816.13
8 28 4738.77
8 29 3946.2
8 30 3370.83
8 31 4750
8 32 5450
8 33 5882.62
8 34 4816.24
8 35 4341.08
8 36 4021.5
8 37 5727.35
8 38 6320.01
8 39 7100.18
8 40 7763.54
8 41 7447.31
8 42 6865.86
8 43 8974.69
8 44 9094.64
8 45 8753.57
8 46 10410.7
8 47 9430.4
8 48 9876.23
8 49 10551.3
8 50 10494.8
8 51 9390.26
8 52 8532.88
8 53 7990.62
8 54 9500
8 55 10200
8 56 10532.7
8 57 9429.09
8 58 8722.53
8 59 8286.13
8 60 10024.5
8 61 10690.2
8 62 11688.7
8 63 12355.6
8 64 12159.4
8 65 11547.8
8 66 13150.4
8 67 12997.1
8 68 12286.7
8 69 16927.3
8 70 15179.3
8 71 15489.1
8 72 15558.7
8 73 5857.69
8 74 8618.15
8 75 8875.39
Posicion: 9
9 10 1616.7
9 11 1841.43
9 12 2960.15
9 13 3397.06
9 14 3275.67
9 15 3200
9 16 2661.77
9 17 3140.06
9 18 2247.22
9 19 1952.56
9 20 5489.31
9 21 6275.75
9 22 6850
9 23 6820.92
9 24 5703.07
9 25 4867.49
9 26 5463.74
9 27 5137.72
9 28 4072.56
9 29 3309.46
9 30 2728.09
9 31 4050
9 32 4750
9 33 5212.6
9 34 4162.62
9 35 3771.6
9 36 3500.36
9 37 5161.64
9 38 5727.35
9 39 6443.8
9 40 7104.4
9 41 6757.4
9 42 6184.66
9 43 8411
9 44 8592
9 45 8335.77
9 46 9854.57
9 47 8852.26
9 48 9204.89
9 49 9876.23
9 50 9801
9 51 8698.09
9 52 7844.74
9 53 7299.31
9 54 8800
9 55 9500
9 56 9841.43
9 57 8740.07
9 58 8050.62
9 59 7621.68
9 60 9363.76
9 61 10024.5
9 62 11003.9
9 63 11670.9
9 64 11463
9 65 10854.1
9 66 12509.3
9 67 12384.9
9 68 11712.1
9 69 16305.9
9 70 14483.2
9 71 14807.5
9 72 14880.3
9 73 6411.12
9 74 9003.47
9 75 9250
Posicion: 10
10 11 1118
10 12 2144.32
10 13 2665.47
10 14 1838.07
10 15 1610.75
10 16 1280.47
10 17 1913.3
10 18 3273.06
10 19 3272.65
10 20 6961.26
10 21 7822.44
10 22 8455.61
10 23 8222.93
10 24 7114.82
10 25 5767.27
10 26 6255.19
10 27 5589.81
10 28 4680.5
10 29 4139.59
10 30 3588.09
10 31 4161.15
10 32 4814.69
10 33 4750
10 34 3632
10 35 2840
10 36 2412.93
10 37 4158.85
10 38 4812.69
10 39 5837.99
10 40 6502.17
10 41 7023.56
10 42 6569.07
10 43 9331.48
10 44 9676.42
10 45 9595.04
10 46 10780
10 47 9719.21
10 48 9607.49
10 49 10238.2
10 50 9945.58
10 51 8887.24
10 52 8107.32
10 53 7531.06
10 54 8738.29
10 55 9427.29
10 56 9500
10 57 8382
10 58 7527.16
10 59 7047.32
10 60 8737.19
10 61 9426.27
10 62 10566.4
10 63 11225.9
10 64 11535.7
10 65 10987.3
10 66 13069.8
10 67 13084.4
10 68 12560.1
10 69 16940.3
10 70 14190.1
10 71 14309.7
10 72 14351.5
10 73 5820.46
10 74 10460.6
10 75 10718.5
Posicion: 11
11 12 1164.12
11 13 1656.52
11 14 1611.48
11 15 1837.95
11 16 2283.96
11 17 2948.1
11 18 3966.87
11 19 3778.81
11 20 7312.62
11 21 8046.77
11 22 8500.63
11 23 8658.96
11 24 7540.93
11 25 6564.22
11 26 7107.75
11 27 6565.56
11 28 5592.36
11 29 4950.41
11 30 4373.48
11 31 5210.39
11 32 5880.42
11 33 5868
11 34 4750
11 35 3929.84
11 36 3476
11 37 5209.16
11 38 5879.33
11 39 6948.38
11 40 7611.16
11 41 8060.68
11 42 7572.51
11 43 10134.7
11 44 10383.4
11 45 10171
11 46 11584.1
11 47 10551.3
11 48 10618.5
11 49 11262
11 50 11018
11 51 9948.44
11 52 9149.87
11 53 8578.51
11 54 9839.29
11 55 10530.6
11 56 10618
11 57 9500
11 58 8640.44
11 59 8157.58
11 60 9838.64
11 61 10530
11 62 11682
11 63 12340.7
11 64 12622.9
11 65 12063.6
11 66 14038.4
11 67 14000.1
11 68 13407.6
11 69 17886.7
11 70 15308.1
11 71 15419.1
11 72 15458
11 73 4799.5
11 74 9927.72
11 75 10199.1
Posicion: 12
12 13 522.015
12 14 1390.14
12 15 1990.6
12 16 3050
12 17 3703.04
12 18 5127.62
12 19 4911.72
12 20 8363.01
12 21 9030.64
12 22 9374.43
12 23 9737.17
12 24 8620.47
12 25 7728.2
12 26 8270.73
12 27 7703.14
12 28 6746.75
12 29 6114.33
12 30 5537.6
12 31 6304.36
12 32 6958.81
12 33 6801.15
12 34 5691.37
12 35 4750
12 36 4252.65
12 37 5911.43
12 38 6604.92
12 39 7800
12 40 8451.33
12 41 9165.42
12 42 8698.42
12 43 11298.3
12 44 11536.5
12 45 11293.5
12 46 12747.5
12 47 11715.4
12 48 11741.5
12 49 12377.1
12 50 12087.3
12 51 11031.3
12 52 10250.5
12 53 9674.84
12 54 10857.4
12 55 11541.8
12 56 11534.2
12 57 10418.9
12 58 9500
12 59 9001.25
12 60 10634
12 61 11331.9
12 62 12550
12 63 13200.9
12 64 13669
12 65 13127.3
12 66 15181.9
12 67 15157.6
12 68 14571.5
12 69 19037.9
12 70 16219.7
12 71 16237.3
12 72 16260.4
12 73 3676.96
12 74 10278.6
12 75 10562.2
Posicion: 13
13 14 1746.42
13 15 2404.16
13 16 3553.17
13 17 4200
13 18 5597.32
13 19 5348.13
13 20 8727.11
13 21 9350.13
13 22 9628.73
13 23 10118.5
13 24 9004.72
13 25 8207.47
13 26 8760.28
13 27 8214.5
13 28 7248.69
13 29 6600.19
13 30 6021
13 31 6824.4
13 32 7480.14
13 33 7315.2
13 34 6207.3
13 35 5252.14
13 36 4750
13 37 6388.47
13 38 7084.67
13 39 8301.36
13 40 8950
13 41 9684.65
13 42 9213.58
13 43 11773.9
13 44 11988
13 45 11710
13 46 13222
13 47 12197.2
13 48 12257.7
13 49 12895
13 50 12609.2
13 51 11552.7
13 52 10770.3
13 53 10195.1
13 54 11378
13 55 12061.9
13 56 12043.5
13 57 10929
13 58 10001.1
13 59 9500
13 60 11122
13 61 11820.7
13 62 13050.9
13 63 13700
13 64 14190.8
13 65 13649.3
13 66 15691.2
13 67 15656.5
13 68 15055.3
13 69 19542.6
13 70 16727
13 71 16727
13 72 16746.7
13 73 3157.93
13 74 10268
13 75 10556.2
Posicion: 14
14 15 700
14 16 2127.2
14 17 2692.58
14 18 5110.77
14 19 5088.47
14 20 8745.43
14 21 9551.18
14 22 10074.3
14 23 10037.2
14 24 8924.4
14 25 7574.46
14 26 8031.97
14 27 7258.66
14 28 6428.31
14 29 5950.84
14 30 5411.33
14 31 5727.35
14 32 6320.01
14 33 5880.99
14 34 4814.91
14 35 3747.67
14 36 3226.84
14 37 4750
14 38 5450
14 39 6753.7
14 40 7383.26
14 41 8566.36
14 42 8184.13
14 43 11124.1
14 44 11502.7
14 45 11432.6
14 46 12569.1
14 47 11494.9
14 48 11183
14 49 11783.5
14 50 11357.9
14 51 10346.2
14 52 9625.49
14 53 9042.68
14 54 10024.5
14 55 10690.2
14 56 10531.8
14 57 9428.41
14 58 8442.9
14 59 7930.95
14 60 9500
14 61 10200
14 62 11481.5
14 63 12120.2
14 64 12875.2
14 65 12377.1
14 66 14701.4
14 67 14782.6
14 68 14319.3
14 69 18593.9
14 70 15189.9
14 71 15102.1
14 72 15110
14 73 4533.49
14 74 11469.6
14 75 11746.2
Posicion: 15
15 16 1511.62
15 17 2024.85
15 18 4792.7
15 19 4863.38
15 20 8563.44
15 21 9433.19
15 22 10050
15 23 9804.33
15 24 8702.01
15 25 7156.29
15 26 7574.46
15 27 6727.33
15 28 5954.24
15 29 5549.1
15 30 5036.12
15 31 5161.64
15 32 5727.35
15 33 5210.76
15 34 4161.08
15 35 3070.02
15 36 2548.04
15 37 4050
15 38 4750
15 39 6059.91
15 40 6686.74
15 41 7973.86
15 42 7621.68
15 43 10674.5
15 44 11109.6
15 45 11116
15 46 12112.5
15 47 11025.5
15 48 10594.8
15 49 11183
15 50 10720.1
15 51 9722.34
15 52 9021.09
15 53 8438.01
15 54 9363.76
15 55 10024.5
15 56 9840.45
15 57 8739.34
15 58 7746.77
15 59 7233.95
15 60 8800
15 61 9500
15 62 10783.6
15 63 11421.5
15 64 12219.7
15 65 11732.5
15 66 14130.9
15 67 14247.3
15 68 13829.4
15 69 18030
15 70 14494.2
15 71 14402.2
15 72 14410.5
15 73 5229.01
15 74 11761.9
15 75 12031.7
Posicion: 16
16 17 667.083
16 18 3609.02
16 19 3850
16 20 7528.11
16 21 8500
16 22 9284.53
16 23 8668.33
16 24 7595.39
16 25 5774.3
16 26 6144.31
16 27 5236.13
16 28 4516.51
16 29 4208.62
16 30 3747.33
16 31 3655.48
16 32 4215.74
16 33 3784.46
16 34 2697.77
16 35 1700
16 36 1209.34
16 37 2926.18
16 38 3601.74
16 39 4750
16 40 5402.08
16 41 6462.39
16 42 6114.33
16 43 9241.75
16 44 9737.17
16 45 9843.27
16 46 10670.2
16 47 9573.53
16 48 9083.23
16 49 9672.9
16 50 9230.69
16 51 8221.61
16 52 7511.66
16 53 6928.56
16 54 7907.27
16 55 8578.17
16 56 8492.92
16 57 7380
16 58 6450
16 59 5951.89
16 60 7597.7
16 61 8293.67
16 62 9500
16 63 10151.1
16 64 10752.9
16 65 10250.5
16 66 12620.3
16 67 12747.5
16 68 12357.3
16 69 16520.4
16 70 13174.3
16 71 13195.9
16 72 13224.3
16 73 6600.19
16 74 11648.7
16 75 11899.7
Posicion: 17
17 18 3700
17 19 4052.47
17 20 7650
17 21 8674.39
17 22 9541.09
17 23 8713.5
17 24 7669.75
17 25 5626.94
17 26 5929.8
17 27 4914.34
17 28 4310.73
17 29 4135.52
17 30 3740.66
17 31 3297.35
17 32 3791.11
17 33 3188.76
17 34 2139.57
17 35 1060.66
17 36 550
17 37 2261.08
17 38 2934.71
17 39 4102.74
17 40 4750
17 41 6021
17 42 5728
17 43 9004.72
17 44 9572.49
17 45 9774.71
17 46 10414.5
17 47 9306.58
17 48 8640.02
17 49 9208.69
17 50 8704.27
17 51 7720.32
17 52 7045.57
17 53 6463.75
17 54 7338.94
17 55 8000.62
17 56 7861.34
17 57 6751.98
17 58 5801.94
17 59 5300
17 60 6935.42
17 61 7632.17
17 62 8851.27
17 63 9500
17 64 10195.1
17 65 9711.98
17 66 12197.2
17 67 12375.2
17 68 12049.2
17 69 16101.9
17 70 12536
17 71 12536
17 72 12562.3
17 73 7209.2
17 74 12142.2
17 75 12386.8
Posicion: 18
18 19 715.891
18 20 3950
18 21 4992.49
18 22 5960.91
18 23 5060.14
18 24 3988.11
18 25 2621.55
18 26 3220.64
18 27 3061.53
18 28 1948.63
18 29 1092.02
18 30 550
18 31 2462.21
18 32 3092.33
18 33 4149.75
18 34 3409.19
18 35 3702.03
18 36 3740.66
18 37 4897.19
18 38 5242.38
18 39 5423.33
18 40 6021
18 41 4750
18 42 4110.96
18 43 6177.78
18 44 6427.48
18 45 6328.11
18 46 7625.12
18 47 6610.03
18 48 7061.16
18 49 7746.61
18 50 7809.38
18 51 6694.64
18 52 5807.75
18 53 5300
18 54 7003.57
18 55 7694.15
18 56 8297.77
18 57 7254.93
18 58 6800.18
18 59 6463.75
18 60 8183.52
18 61 8781.8
18 62 9535.46
18 63 10195.1
18 64 9500
18 65 8855.08
18 66 10288.5
18 67 10140.3
18 68 9470.08
18 69 14066
18 70 12798.9
18 71 13336.9
18 72 13444.4
18 73 8655.2
18 74 9393.22
18 75 9592.31
Posicion: 19
19 20 3707.43
19 21 4650
19 22 5494.09
19 23 4951.01
19 24 3842.2
19 25 3046.31
19 26 3700
19 27 3711.16
19 28 2597.45
19 29 1700
19 30 1236.93
19 31 3176.48
19 32 3807.89
19 33 4836.6
19 34 4042.38
19 35 4208.62
19 36 4176.12
19 37 5470.83
19 38 5860.03
19 39 6114.33
19 40 6720.12
19 41 5408.33
19 42 4750
19 43 6517.86
19 44 6647.18
19 45 6393.16
19 46 7951.42
19 47 6980.33
19 48 7644.77
19 49 8336.82
19 50 8459.38
19 51 7344.57
19 52 6450
19 53 5957.56
19 54 7697.56
19 55 8385.25
19 56 9011.12
19 57 7970.41
19 58 7511.66
19 59 7169.55
19 60 8893.4
19 61 9494.87
19 62 10250.5
19 63 10909.7
19 64 10154.4
19 65 9500
19 66 10786.3
19 67 10577
19 68 9832.85
19 69 14517.1
19 70 13499.1
19 71 14050.8
19 72 14159.3
19 73 8316.55
19 74 8707.75
19 75 8912.07
Posicion: 20
20 21 1192.69
20 22 2549.51
20 23 1450
20 24 550
20 25 3259.6
20 26 3758.32
20 27 4879.98
20 28 4269.71
20 29 3798.03
20 30 3988.11
20 31 5580.77
20 32 5886
20 33 7413.95
20 34 7025.73
20 35 7573.14
20 36 7669.75
20 37 8622.35
20 38 8822.98
20 39 8547.51
20 40 9004.72
20 41 6177.78
20 42 5489.31
20 43 4750
20 44 4220.19
20 45 3318.51
20 46 5885.58
20 47 5300
20 48 7322.06
20 49 7985.14
20 50 8684.91
20 51 7697.5
20 52 6852.92
20 53 6610.03
20 54 8610.02
20 55 9180.55
20 56 10324.7
20 57 9506.44
20 58 9481.03
20 59 9306.58
20 60 10832
20 61 11290.8
20 62 11600.5
20 63 12197.2
20 64 10288.5
20 65 9573.14
20 66 9500
20 67 8906.32
20 68 7787.81
20 69 12747.5
20 70 14182.4
20 71 15172.7
20 72 15344.7
20 73 11385.1
20 74 7433.03
20 75 7527.28
Posicion: 21
21 22 1432.65
21 23 1700
21 24 1562.05
21 25 4443.25
21 26 4914.52
21 27 6067.79
21 28 5457.37
21 29 4951.01
21 30 5093.38
21 31 6757.4
21 32 7076.19
21 33 8594.95
21 34 8173.86
21 35 8668.33
21 36 8732.84
21 37 9760.25
21 38 9983.61
21 39 9737.17
21 40 10197.2
21 41 7325.47
21 42 6647.18
21 43 5491.81
21 44 4750
21 45 3569.31
21 46 6450
21 47 6033.45
21 48 8300.9
21 49 8942.31
21 50 9726.59
21 51 8773.76
21 52 7951.42
21 53 7739.83
21 54 9737.81
21 55 10290
21 56 11475.2
21 57 10677
21 58 10670.2
21 59 10498.8
21 60 12017.7
21 61 12469.4
21 62 12747.5
21 63 13335.9
21 64 11292.7
21 65 10577
21 66 10199.1
21 67 9500
21 68 8279.64
21 69 13235.3
21 70 15238.5
21 71 16281.4
21 72 16460
21 73 11815.8
21 74 6560.68
21 75 6622.12
Posicion: 22
22 23 3031.91
22 24 2982.03
22 25 5798.71
22 26 6307.54
22 27 7407.08
22 28 6711.23
22 29 6109.42
22 30 6158.33
22 31 7957.7
22 32 8335.77
22 33 9800.76
22 34 9284.25
22 35 9661.39
22 36 9665.66
22 37 10835.4
22 38 11116
22 39 10983.6
22 40 11473.7
22 41 8726.11
22 42 8038.81
22 43 6863.85
22 44 6040.7
22 45 4750
22 46 7731.75
22 47 7397.97
22 48 9729.47
22 49 10366.9
22 50 11159.2
22 51 10203.5
22 52 9376.17
22 53 9152.19
22 54 11151.8
22 55 11712.1
22 56 12873.9
22 57 12052.3
22 58 11997.1
22 59 11801
22 60 13358.2
22 61 13829.4
22 62 14149.3
22 63 14743.9
22 64 12723.3
22 65 12007.7
22 66 11526.1
22 67 10772.8
22 68 9500
22 69 14422.2
22 70 16670.9
22 71 17704.5
22 72 17880.7
22 73 11806.8
22 74 5223.98
22 75 5261.18
Posicion: 23
23 24 1118.03
23 25 3621.12
23 26 3891.34
23 27 5205.85
23 28 4884.33
23 29 4650
23 30 4975.19
23 31 6247.6
23 32 6408
23 33 8009.31
23 34 7803.15
23 35 8500
23 36 8664.44
23 37 9414.48
23 38 9521.69
23 39 9030.64
23 40 9408.11
23 41 6180.01
23 42 5561.02
23 43 3832.75
23 44 3050
23 45 1931.32
23 46 4750
23 47 4366.06
23 48 6791.54
23 49 7403.04
23 50 8290.92
23 51 7409.63
23 52 6647.18
23 53 6524.19
23 54 8487.93
23 55 8984.71
23 56 10286.2
23 57 9587.79
23 58 9737.17
23 59 9637.69
23 60 11029.3
23 61 11416
23 62 11536.5
23 63 12092.4
23 64 9793.11
23 65 9080.89
23 66 8508.97
23 67 7800
23 68 6587.3
23 69 11547.8
23 70 13798.3
23 71 14942
23 72 15136.5
23 73 12823.1
23 74 8237.87
23 75 8286.89
Posicion: 24
24 25 2926.18
24 26 3360.43
24 27 4555.53
24 28 4049.15
24 29 3684.09
24 30 3950
24 31 5392.82
24 32 5640.26
24 33 7204.38
24 34 6894
24 35 7516.65
24 36 7650
24 37 8501.91
24 38 8660.98
24 39 8297.74
24 40 8727.11
24 41 5765.63
24 42 5091.66
24 43 4200
24 44 3688.16
24 45 2860.07
24 46 5344.39
24 47 4750
24 48 6806.25
24 49 7463.58
24 50 8193.98
24 51 7224.38
24 52 6394.14
24 53 6177.78
24 54 8175.88
24 55 8730.69
24 56 9915.17
24 57 9127.63
24 58 9154.92
24 59 9004.72
24 60 10490.2
24 61 10928.2
24 62 11186.6
24 63 11773.9
24 64 9782.89
24 65 9067.11
24 66 8950
24 67 8360.02
24 68 7252.07
24 69 12208.7
24 70 13700.1
24 71 14722.9
24 72 14900.1
24 73 11735.9
24 74 7960.06
24 75 8048.14
Posicion: 25
25 26 700
25 27 1629.44
25 28 1367.75
25 29 1627.88
25 30 2193.17
25 31 2700
25 32 2789.27
25 33 4398.17
25 34 4307.03
25 35 5168.41
25 36 5440.59
25 37 5900
25 38 5941.38
25 39 5413.41
25 40 5813.78
25 41 3001.67
25 42 2289.65
25 43 3572.46
25 44 3962.95
25 45 4208.62
25 46 5022.45
25 47 3990.61
25 48 4750
25 49 5450
25 50 5817.52
25 51 4739.91
25 52 3842.2
25 53 3488.91
25 54 5463.74
25 55 6082.15
25 56 7109.95
25 57 6255.95
25 58 6230.97
25 59 6079.68
25 60 7574.46
25 61 8031.97
25 62 8390.02
25 63 9003.47
25 64 7501.5
25 65 6806.61
25 66 7747.58
25 67 7536.08
25 68 6850.18
25 69 11472.8
25 70 11188.6
25 71 12039.3
25 72 12195.3
25 73 11276.7
25 74 10353
25 75 10491.2
Posicion: 26
26 27 1368.89
26 28 1628.05
26 29 2163.33
26 30 2745.91
26 31 2789.27
26 32 2700
26 33 4308.12
26 34 4396.78
26 35 5361.2
26 36 5685.95
26 37 5941.38
26 38 5900
26 39 5202.4
26 40 5536.24
26 41 2420.74
26 42 1732.77
26 43 3100.4
26 44 3669.47
26 45 4150
26 46 4539.27
26 47 3464.82
26 48 4050
26 49 4750
26 50 5139.3
26 51 4073.89
26 52 3184.73
26 53 2872.72
26 54 4867.49
26 55 5463.74
26 56 6566.38
26 57 5767.86
26 58 5848.5
26 59 5748.26
26 60 7156.29
26 61 7574.46
26 62 7842.35
26 63 8441.71
26 64 6817.07
26 65 6118.82
26 66 7086.96
26 67 6921.16
26 68 6307.54
26 69 10845.5
26 70 10544.4
26 71 11443.1
26 72 11607.1
26 73 11857.7
26 74 10982.9
26 75 11113.3
Posicion: 27
27 28 1115
27 29 2013.82
27 30 2512.3
27 31 1624.46
27 32 1362.96
27 33 2950
27 34 3153.1
27 35 4207.12
27 36 4592.33
27 37 4636.77
27 38 4551.75
27 39 3841.04
27 40 4202.65
27 41 1698.37
27 42 1053.17
27 43 4162.41
27 44 4914.73
27 45 5506.93
27 46 5530.58
27 47 4414.68
27 48 4073.28
27 49 4739.24
27 50 4750
27 51 3635
27 52 2746.27
27 53 2246.81
27 54 4071.29
27 55 4737.53
27 56 5593.21
27 57 4680.02
27 58 4602.87
27 59 4452.64
27 60 5952.83
27 61 6426.89
27 62 6871.32
27 63 7503.25
27 64 6443.68
27 65 5794.02
27 66 7480.79
27 67 7524.37
27 68 7135.32
27 69 11352.5
27 70 9876.43
27 71 10590.7
27 72 10729.9
27 73 11365
27 74 11799.2
27 75 11954.6
Posicion: 28
28 29 905.844
28 30 1400.84
28 31 1363.8
28 32 1624.73
28 33 3155.33
28 34 2950
28 35 3804.29
28 36 4092.38
28 37 4552.71
28 38 4637.56
28 39 4281.1
28 40 4763.02
28 41 2810.9
28 42 2162.35
28 43 4725.93
28 44 5264.2
28 45 5576.26
28 46 6159.19
28 47 5071.95
28 48 5138.07
28 49 5816.32
28 50 5865
28 51 4750
28 52 3859.99
28 53 3360.26
28 54 5137.02
28 55 5815.39
28 56 6567.35
28 57 5590.66
28 58 5343.37
28 59 5106.52
28 60 6727.27
28 61 7258.51
28 62 7834.66
28 63 8480.29
28 64 7558.45
28 65 6908.67
28 66 8459.52
28 67 8412.24
28 68 7891.37
28 69 12294.9
28 70 10947.5
28 71 11596.2
28 72 11723.5
28 73 10381
28 74 10853.6
28 75 11022.3
Posicion: 29
29 30 583.095
29 31 1860.11
29 32 2343.07
29 33 3697.12
29 34 3227.7
29 35 3850
29 36 4031.13
29 37 4827.01
29 38 5032.89
29 39 4911.72
29 40 5448.85
29 41 3712.14
29 42 3050
29 43 5197.35
29 44 5561.02
29 45 5644.69
29 46 6647.18
29 47 5602.23
29 48 5971.81
29 49 6659.02
29 50 6759.73
29 51 5645.05
29 52 4750
29 53 4260.58
29 54 6039.25
29 55 6719.56
29 56 7438.16
29 57 6438.52
29 58 6114.33
29 59 5836.31
29 60 7504.17
29 61 8061.79
29 62 8698.42
29 63 9348.93
29 64 8455.32
29 65 7800
29 66 9204.62
29 67 9080.89
29 68 8457.25
29 69 12997.1
29 70 11849.3
29 71 12474.2
29 72 12596.2
29 73 9694.59
29 74 10032.2
29 75 10210
Posicion: 30
30 31 2000
30 32 2594.22
30 33 3762.57
30 34 3128.72
30 35 3585.04
30 36 3700
30 37 4681.88
30 38 4964.88
30 39 5020.46
30 40 5597.32
30 41 4200
30 42 3562.65
30 43 5765.63
30 44 6091.39
30 45 6100.21
30 46 7215.61
30 47 6177.78
30 48 6524.76
30 49 7207.81
30 50 7259.49
30 51 6144.78
30 52 5258.56
30 53 4750
30 54 6462.39
30 55 7151.4
30 56 7782.31
30 57 6750.95
30 58 6337.59
30 59 6021
30 60 7725.44
30 61 8310.38
30 62 9027.32
30 63 9684.65
30 64 8950
30 65 8305.42
30 66 9782.89
30 67 9663.98
30 68 9034.66
30 69 13579.6
30 70 12262.3
30 71 12822.8
30 72 12934.6
30 73 9111.81
30 74 9815.55
30 75 10006.2
Posicion: 31
31 32 700
31 33 1843.29
31 34 1615.45
31 35 2594.71
31 36 2968.16
31 37 3200
31 38 3275.67
31 39 3053.69
31 40 3606.94
31 41 2863.56
31 42 2460.18
31 43 5769.1
31 44 6451.74
31 45 6885.67
31 46 7151.57
31 47 6036.97
31 48 5463.74
31 49 6082.15
31 50 5816.13
31 51 4738.77
31 52 3946.2
31 53 3370.83
31 54 4750
31 55 5450
31 56 5882.62
31 57 4816.24
31 58 4341.08
31 59 4021.5
31 60 5727.35
31 61 6320.01
31 62 7100.18
31 63 7763.54
31 64 7447.31
31 65 6865.86
31 66 8974.69
31 67 9094.64
31 68 8753.57
31 69 12870.3
31 70 10465.4
31 71 10909.9
31 72 11008.4
31 73 9981.23
31 74 11814.6
31 75 12003.5
Posicion: 32
32 33 1616.7
32 34 1841.43
32 35 2960.15
32 36 3397.06
32 37 3275.67
32 38 3200
32 39 2661.77
32 40 3140.06
32 41 2247.22
32 42 1952.56
32 43 5489.31
32 44 6275.75
32 45 6850
32 46 6820.92
32 47 5703.07
32 48 4867.49
32 49 5463.74
32 50 5137.72
32 51 4072.56
32 52 3309.46
32 53 2728.09
32 54 4050
32 55 4750
32 56 5212.6
32 57 4162.62
32 58 3771.6
32 59 3500.36
32 60 5161.64
32 61 5727.35
32 62 6443.8
32 63 7104.4
32 64 6757.4
32 65 6184.66
32 66 8411
32 67 8592
32 68 8335.77
32 69 12314.4
32 70 9773.69
32 71 10248.2
32 72 10353
32 73 10633.2
32 74 12370.3
32 75 12550.9
Posicion: 33
33 34 1118
33 35 2144.32
33 36 2665.47
33 37 1838.07
33 38 1610.75
33 39 1280.47
33 40 1913.3
33 41 3273.06
33 42 3272.65
33 43 6961.26
33 44 7822.44
33 45 8455.61
33 46 8222.93
33 47 7114.82
33 48 5767.27
33 49 6255.19
33 50 5589.81
33 51 4680.5
33 52 4139.59
33 53 3588.09
33 54 4161.15
33 55 4814.69
33 56 4750
33 57 3632
33 58 2840
33 59 2412.93
33 60 4158.85
33 61 4812.69
33 62 5837.99
33 63 6502.17
33 64 7023.56
33 65 6569.07
33 66 9331.48
33 67 9676.42
33 68 9595.04
33 69 13218.6
33 70 9440.15
33 71 9618.99
33 72 9681.08
33 73 10384.4
33 74 13541.9
33 75 13742
Posicion: 34
34 35 1164.12
34 36 1656.52
34 37 1611.48
34 38 1837.95
34 39 2283.96
34 40 2948.1
34 41 3966.87
34 42 3778.81
34 43 7312.62
34 44 8046.77
34 45 8500.63
34 46 8658.96
34 47 7540.93
34 48 6564.22
34 49 7107.75
34 50 6565.56
34 51 5592.36
34 52 4950.41
34 53 4373.48
34 54 5210.39
34 55 5880.42
34 56 5868
34 57 4750
34 58 3929.84
34 59 3476
34 60 5209.16
34 61 5879.33
34 62 6948.38
34 63 7611.16
34 64 8060.68
34 65 7572.51
34 66 10134.7
34 67 10383.4
34 68 10171
34 69 14038.2
34 70 10558.1
34 71 10718.5
34 72 10774.3
34 73 9293.64
34 74 12723.8
34 75 12936.7
Posicion: 35
35 36 522.015
35 37 1390.14
35 38 1990.6
35 39 3050
35 40 3703.04
35 41 5127.62
35 42 4911.72
35 43 8363.01
35 44 9030.64
35 45 9374.43
35 46 9737.17
35 47 8620.47
35 48 7728.2
35 49 8270.73
35 50 7703.14
35 51 6746.75
35 52 6114.33
35 53 5537.6
35 54 6304.36
35 55 6958.81
35 56 6801.15
35 57 5691.37
35 58 4750
35 59 4252.65
35 60 5911.43
35 61 6604.92
35 62 7800
35 63 8451.33
35 64 9165.42
35 65 8698.42
35 66 11298.3
35 67 11536.5
35 68 11293.5
35 69 15202.1
35 70 11477.9
35 71 11502.7
35 72 11535.3
35 73 8269.37
35 74 12669.4
35 75 12900.5
Posicion: 36
36 37 1746.42
36 38 2404.16
36 39 3553.17
36 40 4200
36 41 5597.32
36 42 5348.13
36 43 8727.11
36 44 9350.13
36 45 9628.73
36 46 10118.5
36 47 9004.72
36 48 8207.47
36 49 8760.28
36 50 8214.5
36 51 7248.69
36 52 6600.19
36 53 6021
36 54 6824.4
36 55 7480.14
36 56 7315.2
36 57 6207.3
36 58 5252.14
36 59 4750
36 60 6388.47
36 61 7084.67
36 62 8301.36
36 63 8950
36 64 9684.65
36 65 9213.58
36 66 11773.9
36 67 11988
36 68 11710
36 69 15678.8
36 70 11987.7
36 71 11987.7
36 72 12015.2
36 73 7751.45
36 74 12471.8
36 75 12710
Posicion: 37
37 38 700
37 39 2127.2
37 40 2692.58
37 41 5110.77
37 42 5088.47
37 43 8745.43
37 44 9551.18
37 45 10074.3
37 46 10037.2
37 47 8924.4
37 48 7574.46
37 49 8031.97
37 50 7258.66
37 51 6428.31
37 52 5950.84
37 53 5411.33
37 54 5727.35
37 55 6320.01
37 56 5880.99
37 57 4814.91
37 58 3747.67
37 59 3226.84
37 60 4750
37 61 5450
37 62 6753.7
37 63 7383.26
37 64 8566.36
37 65 8184.13
37 66 11124.1
37 67 11502.7
37 68 11432.6
37 69 14994.8
37 70 10480.7
37 71 10353
37 72 10364.6
37 73 9266.34
37 74 14030.9
37 75 14257.8
Posicion: 38
38 39 1511.62
38 40 2024.85
38 41 4792.7
38 42 4863.38
38 43 8563.44
38 44 9433.19
38 45 10050
38 46 9804.33
38 47 8702.01
38 48 7156.29
38 49 7574.46
38 50 6727.33
38 51 5954.24
38 52 5549.1
38 53 5036.12
38 54 5161.64
38 55 5727.35
38 56 5210.76
38 57 4161.08
38 58 3070.02
38 59 2548.04
38 60 4050
38 61 4750
38 62 6059.91
38 63 6686.74
38 64 7973.86
38 65 7621.68
38 66 10674.5
38 67 11109.6
38 68 11116
38 69 14520.5
38 70 9790.05
38 71 9653.24
38 72 9665.66
38 73 9965.19
38 74 14501.9
38 75 14721.6
Posicion: 39
39 40 667.083
39 41 3609.02
39 42 3850
39 43 7528.11
39 44 8500
39 45 9284.53
39 46 8668.33
39 47 7595.39
39 48 5774.3
39 49 6144.31
39 50 5236.13
39 51 4516.51
39 52 4208.62
39 53 3747.33
39 54 3655.48
39 55 4215.74
39 56 3784.46
39 57 2697.77
39 58 1700
39 59 1209.34
39 60 2926.18
39 61 3601.74
39 62 4750
39 63 5402.08
39 64 6462.39
39 65 6114.33
39 66 9241.75
39 67 9737.17
39 68 9843.27
39 69 13059.9
39 70 8438.01
39 71 8471.72
39 72 8515.87
39 73 11287.2
39 74 14816.5
39 75 15014.7
Posicion: 40
40 41 3700
40 42 4052.47
40 43 7650
40 44 8674.39
40 45 9541.09
40 46 8713.5
40 47 7669.75
40 48 5626.94
40 49 5929.8
40 50 4914.34
40 51 4310.73
40 52 4135.52
40 53 3740.66
40 54 3297.35
40 55 3791.11
40 56 3188.76
40 57 2139.57
40 58 1060.66
40 59 550
40 60 2261.08
40 61 2934.71
40 62 4102.74
40 63 4750
40 64 6021
40 65 5728
40 66 9004.72
40 67 9572.49
40 68 9774.71
40 69 12770.5
40 70 7808.01
40 71 7808.01
40 72 7850.16
40 73 11915.7
40 74 15409.2
40 75 15602.7
Posicion: 41
41 42 715.891
41 43 3950
41 44 4992.49
41 45 5960.91
41 46 5060.14
41 47 3988.11
41 48 2621.55
41 49 3220.64
41 50 3061.53
41 51 1948.63
41 52 1092.02
41 53 550
41 54 2462.21
41 55 3092.33
41 56 4149.75
41 57 3409.19
41 58 3702.03
41 59 3740.66
41 60 4897.19
41 61 5242.38
41 62 5423.33
41 63 6021
41 64 4750
41 65 4110.96
41 66 6177.78
41 67 6427.48
41 68 6328.11
41 69 10082.9
41 70 8223.44
41 71 9037.98
41 72 9195.92
41 73 12842.3
41 74 13350.8
41 75 13491.7
Posicion: 42
42 43 3707.43
42 44 4650
42 45 5494.09
42 46 4951.01
42 47 3842.2
42 48 3046.31
42 49 3700
42 50 3711.16
42 51 2597.45
42 52 1700
42 53 1236.93
42 54 3176.48
42 55 3807.89
42 56 4836.6
42 57 4042.38
42 58 4208.62
42 59 4176.12
42 60 5470.83
42 61 5860.03
42 62 6114.33
42 63 6720.12
42 64 5408.33
42 65 4750
42 66 6517.86
42 67 6647.18
42 68 6393.16
42 69 10410.7
42 70 8936.58
42 71 9750
42 72 9905.68
42 73 12369.4
42 74 12635.8
42 75 12777.4
Posicion: 43
43 44 1192.69
43 45 2549.51
43 46 1450
43 47 550
43 48 3259.6
43 49 3758.32
43 50 4879.98
43 51 4269.71
43 52 3798.03
43 53 3988.11
43 54 5580.77
43 55 5886
43 56 7413.95
43 57 7025.73
43 58 7573.14
43 59 7669.75
43 60 8622.35
43 61 8822.98
43 62 8547.51
43 63 9004.72
43 64 6177.78
43 65 5489.31
43 66 4750
43 67 4220.19
43 68 3318.51
43 69 8143.25
43 70 10244.6
43 71 11576.8
43 72 11801.4
43 73 14820
43 74 12052.5
43 75 12110.8
Posicion: 44
44 45 1432.65
44 46 1700
44 47 1562.05
44 48 4443.25
44 49 4914.52
44 50 6067.79
44 51 5457.37
44 52 4951.01
44 53 5093.38
44 54 6757.4
44 55 7076.19
44 56 8594.95
44 57 8173.86
44 58 8668.33
44 59 8732.84
44 60 9760.25
44 61 9983.61
44 62 9737.17
44 63 10197.2
44 64 7325.47
44 65 6647.18
44 66 5491.81
44 67 4750
44 68 3569.31
44 69 8532.88
44 70 11395.2
44 71 12756.2
44 72 12983.5
44 73 14948.2
44 74 11264.1
44 75 11300
Posicion: 45
45 46 3031.91
45 47 2982.03
45 48 5798.71
45 49 6307.54
45 50 7407.08
45 51 6711.23
45 52 6109.42
45 53 6158.33
45 54 7957.7
45 55 8335.77
45 56 9800.76
45 57 9284.25
45 58 9661.39
45 59 9665.66
45 60 10835.4
45 61 11116
45 62 10983.6
45 63 11473.7
45 64 8726.11
45 65 8038.81
45 66 6863.85
45 67 6040.7
45 68 4750
45 69 9683.1
45 70 12793.8
45 71 14114.3
45 72 14334.7
45 73 14538.3
45 74 9962.55
45 75 9982.11
Posicion: 46
46 47 1118.03
46 48 3621.12
46 49 3891.34
46 50 5205.85
46 51 4884.33
46 52 4650
46 53 4975.19
46 54 6247.6
46 55 6408
46 56 8009.31
46 57 7803.15
46 58 8500
46 59 8664.44
46 60 9414.48
46 61 9521.69
46 62 9030.64
46 63 9408.11
46 64 6180.01
46 65 5561.02
46 66 3832.75
46 67 3050
46 68 1931.32
46 69 6865.86
46 70 10206.9
46 71 11706.8
46 72 11954.1
46 73 16261
46 74 12955.7
46 75 12986.9
Posicion: 47
47 48 2926.18
47 49 3360.43
47 50 4555.53
47 51 4049.15
47 52 3684.09
47 53 3950
47 54 5392.82
47 55 5640.26
47 56 7204.38
47 57 6894
47 58 7516.65
47 59 7650
47 60 8501.91
47 61 8660.98
47 62 8297.74
47 63 8727.11
47 64 5765.63
47 65 5091.66
47 66 4200
47 67 3688.16
47 68 2860.07
47 69 7621.68
47 70 9835.14
47 71 11216.1
47 72 11447.7
47 73 15263.4
47 74 12593.6
47 75 12649.5
Posicion: 48
48 49 700
48 50 1629.44
48 51 1367.75
48 52 1627.88
48 53 2193.17
48 54 2700
48 55 2789.27
48 56 4398.17
48 57 4307.03
48 58 5168.41
48 59 5440.59
48 60 5900
48 61 5941.38
48 62 5413.41
48 63 5813.78
48 64 3001.67
48 65 2289.65
48 66 3572.46
48 67 3962.95
48 68 4208.62
48 69 7474.12
48 70 7030.11
48 71 8317.6
48 72 8541.81
48 73 15414.4
48 74 14752
48 75 14849.3
Posicion: 49
49 50 1368.89
49 51 1628.05
49 52 2163.33
49 53 2745.91
49 54 2789.27
49 55 2700
49 56 4308.12
49 57 4396.78
49 58 5361.2
49 59 5685.95
49 60 5941.38
49 61 5900
49 62 5202.4
49 63 5536.24
49 64 2420.74
49 65 1732.77
49 66 3100.4
49 67 3669.47
49 68 4150
49 69 6965.09
49 70 6486.33
49 71 7863.36
49 72 8100.15
49 73 16052.8
49 74 15417.9
49 75 15511
Posicion: 50
50 51 1115
50 52 2013.82
50 53 2512.3
50 54 1624.46
50 55 1362.96
50 56 2950
50 57 3153.1
50 58 4207.12
50 59 4592.33
50 60 4636.77
50 61 4551.75
50 62 3841.04
50 63 4202.65
50 64 1698.37
50 65 1053.17
50 66 4162.41
50 67 4914.73
50 68 5506.93
50 69 7857.65
50 70 5514.3
50 71 6710.15
50 72 6927.79
50 73 15755.2
50 74 16071.2
50 75 16185.7
Posicion: 51
51 52 905.844
51 53 1400.84
51 54 1363.8
51 55 1624.73
51 56 3155.33
51 57 2950
51 58 3804.29
51 59 4092.38
51 60 4552.71
51 61 4637.56
51 62 4281.1
51 63 4763.02
51 64 2810.9
51 65 2162.35
51 66 4725.93
51 67 5264.2
51 68 5576.26
51 69 8569.51
51 70 6489.97
51 71 7532.73
51 72 7727.28
51 73 14705
51 74 15042.3
51 75 15164.5
Posicion: 52
52 53 583.095
52 54 1860.11
52 55 2343.07
52 56 3697.12
52 57 3227.7
52 58 3850
52 59 4031.13
52 60 4827.01
52 61 5032.89
52 62 4911.72
52 63 5448.85
52 64 3712.14
52 65 3050
52 66 5197.35
52 67 5561.02
52 68 5644.69
52 69 9094.64
52 70 7361.56
52 71 8330.22
52 72 8511.9
52 73 13927.4
52 74 14164.5
52 75 14291
Posicion: 53
53 54 2000
53 55 2594.22
53 56 3762.57
53 57 3128.72
53 58 3585.04
53 59 3700
53 60 4681.88
53 61 4964.88
53 62 5020.46
53 63 5597.32
53 64 4200
53 65 3562.65
53 66 5765.63
53 67 6091.39
53 68 6100.21
53 69 9666.57
53 70 7707.3
53 71 8571.03
53 72 8737.42
53 73 13351.5
53 74 13841.3
53 75 13977.2
Posicion: 54
54 55 700
54 56 1843.29
54 57 1615.45
54 58 2594.71
54 59 2968.16
54 60 3200
54 61 3275.67
54 62 3053.69
54 63 3606.94
54 64 2863.56
54 65 2460.18
54 66 5769.1
54 67 6451.74
54 68 6885.67
54 69 9480.64
54 70 5810.55
54 71 6577.42
54 72 6739.62
54 73 14493.5
54 74 15812.1
54 75 15953.8
Posicion: 55
55 56 1616.7
55 57 1841.43
55 58 2960.15
55 59 3397.06
55 60 3275.67
55 61 3200
55 62 2661.77
55 63 3140.06
55 64 2247.22
55 65 1952.56
55 66 5489.31
55 67 6275.75
55 68 6850
55 69 9084.74
55 70 5139.31
55 71 5992.7
55 72 6170.29
55 73 15170.8
55 74 16435.1
55 75 16571.4
Posicion: 56
56 57 1118
56 58 2144.32
56 59 2665.47
56 60 1838.07
56 61 1610.75
56 62 1280.47
56 63 1913.3
56 64 3273.06
56 65 3272.65
56 66 6961.26
56 67 7822.44
56 68 8455.61
56 69 10373.7
56 70 4690.3
56 71 5040.59
56 72 5158.07
56 73 15063.8
56 74 17391.5
56 75 17547.8
Posicion: 57
57 58 1164.12
57 59 1656.52
57 60 1611.48
57 61 1837.95
57 62 2283.96
57 63 2948.1
57 64 3966.87
57 65 3778.81
57 66 7312.62
57 67 8046.77
57 68 8500.63
57 69 10923.9
57 70 5808.23
57 71 6094.91
57 72 6192.48
57 73 13958.3
57 74 16442.6
57 75 16607.8
Posicion: 58
58 59 522.015
58 60 1390.14
58 61 1990.6
58 62 3050
58 63 3703.04
58 64 5127.62
58 65 4911.72
58 66 8363.01
58 67 9030.64
58 68 9374.43
58 69 12037
58 70 6747.59
58 71 6789.7
58 72 6844.71
58 73 12975.7
58 74 16140
58 75 16322.1
Posicion: 59
59 60 1746.42
59 61 2404.16
59 62 3553.17
59 63 4200
59 64 5597.32
59 65 5348.13
59 66 8727.11
59 67 9350.13
59 68 9628.73
59 69 12444.4
59 70 7262.4
59 71 7262.4
59 72 7307.7
59 73 12462.8
59 74 15836.1
59 75 16024.4
Posicion: 60
60 61 700
60 62 2127.2
60 63 2692.58
60 64 5110.77
60 65 5088.47
60 66 8745.43
60 67 9551.18
60 68 10074.3
60 69 12209.9
60 70 5838.02
60 71 5605.58
60 72 5626.94
60 73 14010.8
60 74 17530
60 75 17712.2
Posicion: 61
61 62 1511.62
61 63 2024.85
61 64 4792.7
61 65 4863.38
61 66 8563.44
61 67 9433.19
61 68 10050
61 69 11905.1
61 70 5170.35
61 71 4906.37
61 72 4930.77
61 73 14710.3
61 74 18094
61 75 18270.5
Posicion: 62
62 63 667.083
62 64 3609.02
62 65 3850
62 66 7528.11
62 67 8500
62 68 9284.53
62 69 10645.3
62 70 3736.64
62 71 3812.15
62 72 3909.28
62 73 16011.3
62 74 18668
62 75 18825.6
Posicion: 63
63 64 3700
63 65 4052.47
63 66 7650
63 67 8674.39
63 68 9541.09
63 69 10584.1
63 70 3146.82
63 71 3146.82
63 72 3250
63 73 16647
63 74 19302.4
63 75 19457.2
Posicion: 64
64 65 715.891
64 66 3950
64 67 4992.49
64 68 5960.91
64 69 7113.54
64 70 4069.71
64 71 5533.76
64 72 5788.13
64 73 17322.3
64 74 17702.6
64 75 17809.1
Posicion: 65
65 66 3707.43
65 67 4650
65 68 5494.09
65 69 7151.57
65 70 4756.57
65 71 6150.2
65 72 6394.14
65 73 16791.8
65 74 16989
65 75 17094.6
Posicion: 66
66 67 1192.69
66 68 2549.51
66 69 3905.12
66 70 7340.98
66 71 9108.24
66 72 9392.02
66 73 18835.3
66 74 16745.1
66 75 16787.2
Posicion: 67
67 68 1432.65
67 69 3946.2
67 70 8521.3
67 71 10270.5
67 72 10551.4
67 73 18772.7
67 74 15995.1
67 75 16020.4
Posicion: 68
68 69 4964.88
68 70 9724.71
68 71 11406.1
68 72 11677.8
68 73 18123.2
68 74 14708.5
68 75 14721.8
Posicion: 69
69 70 9200
69 71 11100
69 72 11400
69 73 22674.2
69 74 19602.3
69 75 19600
Posicion: 70
70 71 1900
70 72 2200
70 73 19723.1
70 74 21526
70 75 21651.8
Posicion: 71
71 72 300
71 73 19602.3
71 74 22378.6
71 75 22524.9
Posicion: 72
72 73 19600
72 74 22524.9
72 75 22674.2
Posicion: 73
73 74 11100
73 75 11400
Posicion: 74
74 75 300
[ 62 72 71 59 40 58 19 75 73 39 54 67 21 74 26 57 5 42 20 38 8 16 51 44 70 43 34 53 17 47 46 12 52 48 4 66 0 28 32 14 69 30 41 27 24 64 9 65 29 45 13 25 55 68 10 37 33 1 11 6 2 60 56 15 22 61 49 36 3 31 7 63 50 23 18 35 62 ]
62 72 3909.28
71 72 300
59 71 7262.4
40 59 550
40 58 1060.66
19 58 7511.66
19 75 8912.07
73 75 11400
39 73 11287.2
39 54 3655.48
54 67 6451.74
21 67 9500
21 74 6560.68
26 74 10982.9
26 57 5767.86
5 57 9946.53
5 42 6908.67
20 42 5489.31
20 38 8822.98
8 38 6320.01
8 16 3053.69
16 51 8221.61
44 51 5457.37
44 70 11395.2
43 70 10244.6
34 43 7312.62
34 53 4373.48
17 53 6463.75
17 47 9306.58
46 47 1118.03
12 46 12747.5
12 52 10250.5
48 52 1627.88
4 48 8697.88
4 66 11820.5
0 66 13237.8
0 28 7409.63
28 32 1624.73
14 32 6320.01
14 69 18593.9
30 69 13579.6
30 41 4200
27 41 1698.37
24 27 4555.53
24 64 9782.89
9 64 11463
9 65 10854.1
29 65 7800
29 45 5644.69
13 45 11710
13 25 8207.47
25 55 6082.15
55 68 6850
10 68 12560.1
10 37 4158.85
33 37 1838.07
1 33 9915.17
1 11 6894
6 11 3227.7
2 6 1627.88
2 60 11183
56 60 1838.07
15 56 9840.45
15 22 10050
22 61 13829.4
49 61 5900
36 49 8760.28
3 36 5748.26
3 31 4867.49
7 31 6462.39
7 63 14190.8
50 63 4202.65
23 50 8290.92
18 23 5060.14
18 35 3702.03
35 62 7800
Costo: 556252
